465
1
2
10
2
12
20
15
19
20
32
28
34
40
45
53
57
66
73
74
87
102
121
138
139
140
151
168
193
252
264
267
272
280
289
326
385
506
522
519
528
533
552
584
647
770
1023
1032
1028
1037
1046
1064
1091
1156
1287
1544
2041
2054
2059
2064
2064
2083
2118
2184
2306
2565
3078
4096
4102
4103
4106
4115
4135
4168
4224
4357
4610
5122
6145
8193
8202
8203
8208
8208
8226
8261
8326
8448
8704
9218
10248
12295
16380
16389
16394
16397
16400
16417
16455
16514
16643
16896
17413
18433
20480
24579
32765
32770
32775
32779
32784
32800
32834
32903
33031
33282
33793
34820
36864
40968
49157
65529
65544
65548
65545
65553
65573
65608
65667
65793
66049
66564
67592
69636
73731
81928
98311
131068
131080
131077
131080
131093
131104
131136
131203
131335
131586
132098
133121
135171
139265
147462
163840
196613
262142
262154
262154
262160
262167
262183
262215
262280
262402
262663
263169
264197
266244
270344
278530
294912
327688
393218
524284
524298
524294
524302
524308
524322
524360
524421
524547
524807
525312
526338
528387
532484
540673
557063
589825
655360
786438
1048570
1048584
1048588
1048589
1048600
1048613
1048647
1048709
1048839
1049095
1049604
1050631
1052675
1056769
1064967
1081351
1114116
1179648
1310724
1572864
2097151
2097156
2097164
2097164
2097171
2097187
2097219
2097280
2097410
2097667
2098182
2099200
2101256
2105349
2113539
2129927
2162696
2228226
2359299
2621444
3145728
4194299
4194308
4194310
4194317
4194327
4194343
4194368
4194440
4194563
4194824
4195336
4196355
4198407
4202499
4210693
4227080
4259846
4325381
4456449
4718600
5242880
6291456
8388602
8388613
8388615
8388621
8388627
8388645
8388678
8388741
8388868
8389123
8389638
8390660
8392704
8396804
8404992
8421376
8454145
8519683
8650760
8912896
9437189
10485764
12582915
16777216
16777221
16777228
16777228
16777235
16777255
16777284
16777347
16777475
16777735
16778244
16779272
16781320
16785409
16793603
16809989
16842755
16908295
17039360
17301509
17825797
18874372
20971525
25165827
33554427
33554441
33554437
33554446
33554451
33554469
33554504
33554562
33554695
33554949
33555460
33556481
33558529
33562630
33570818
33587204
33619972
33685510
33816577
34078722
34603013
35651588
37748741
41943046
50331650
67108860
67108868
67108873
67108879
67108886
67108896
67108932
67108996
67109121
67109376
67109893
67110918
67112966
67117061
67125252
67141634
67174400
67239939
67371011
67633158
68157445
69206021
71303176
75497475
83886086
100663304
134217721
134217738
134217736
134217742
134217746
134217767
134217798
134217861
134217990
134218243
134218757
134219777
134221829
134225926
134234120
134250504
134283266
134348805
134479876
134742022
135266309
136314882
138412040
142606342
150994952
167772164
201326592
268435451
268435463
268435466
268435469
268435475
268435494
268435528
268435591
268435718
268435974
268436484
268437506
268439555
268443654
268451846
268468227
268500992
268566531
268697602
268959744
269484037
270532614
272629764
276824065
285212674
301989895
335544320
402653191
536870909
536870916
536870923
536870928
536870936
536870947
536870981
536871042
536871175
536871426
536871936
536872964
536875016
536879106
536887300
536903683
536936456
537001985
537133062
537395200
537919491
538968070
541065223
545259526
553648131
570425346
603979783
671088644
805306375
1073741820
1073741826
1073741829
1073741840
1073741847
1073741856
1073741893
1073741953
1073742083
1073742343
1073742856
1073743877
1073745925
1073750017
1073758213
1073774599
1073807364
1073872902
1074003973
1074266117
1074790403
1075838979
1077936134
1082130432
1090519041
1107296260
1140850690
1207959553
1342177280
1610612742
